popPred_spline_abscissa,popPred_spline,popPred_ci_abscissa,popPred_piLower,popPred_piUpper,indivPred_spline_abscissa,indivPred_spline,indivPred_ci_abscissa,indivPred_piLower,indivPred_piUpper,split
13.9057,14.7158,13.9057,10.1022,17.7092,13.9057,14.7158,13.9057,10.1022,17.7092,All
14.4311,15.1565,14.4311,10.4839,18.3783,14.4311,15.1565,14.4311,10.4839,18.3783,All
14.9763,15.6138,14.9763,10.88,19.0727,14.9763,15.6138,14.9763,10.88,19.0727,All
15.4039,15.9725,15.4039,11.1907,19.6172,15.4039,15.9725,15.4039,11.1907,19.6172,All
15.5422,16.0885,15.5422,11.2911,19.7933,15.5422,16.0885,15.5422,11.2911,19.7933,All
16.1294,16.5811,16.1294,11.7177,20.5411,16.1294,16.5811,16.1294,11.7177,20.5411,All
16.7388,17.0923,16.7388,12.1604,21.3172,16.7388,17.0923,16.7388,12.1604,21.3172,All
16.9022,17.2293,16.9022,12.2791,21.5252,16.9022,17.2293,16.9022,12.2791,21.5252,All
17.3712,17.6228,17.3712,12.6198,22.1226,17.3712,17.6228,17.3712,12.6198,22.1226,All
18.0275,18.1733,18.0275,13.0966,22.9584,18.0275,18.1733,18.0275,13.0966,22.9584,All
18.4004,18.4861,18.4004,13.3675,23.4332,18.4004,18.4861,18.4004,13.3675,23.4332,All
18.7086,18.7447,18.7086,13.5914,23.8258,18.7086,18.7447,18.7086,13.5914,23.8258,All
19.4155,19.3376,19.4155,14.1049,24.726,19.4155,19.3376,19.4155,14.1049,24.726,All
19.8986,19.7429,19.8986,14.4559,25.3412,19.8986,19.7429,19.8986,14.4559,25.3412,All
20.149,19.9529,20.149,14.6378,25.6602,20.149,19.9529,20.149,14.6378,25.6602,All
20.9103,20.5915,20.9103,15.1909,26.6296,20.9103,20.5915,20.9103,15.1909,26.6296,All
21.3968,20.9997,21.3968,15.5443,27.2492,21.3968,20.9997,21.3968,15.5443,27.2492,All
21.7003,21.2542,21.7003,15.7648,27.6358,21.7003,21.2542,21.7003,15.7648,27.6358,All
22.5202,21.942,22.5202,16.3604,28.6799,22.5202,21.942,22.5202,16.3604,28.6799,All
22.895,22.2564,22.895,16.6328,29.1572,22.895,22.2564,22.895,16.6328,29.1572,All
23.371,22.6557,23.371,16.9786,29.7635,23.371,22.6557,23.371,16.9786,29.7635,All
24.254,23.3964,24.254,17.62,30.888,24.254,23.3964,24.254,17.62,30.888,All
24.3932,23.5132,24.3932,17.7212,31.0653,24.3932,23.5132,24.3932,17.7212,31.0653,All
25.1704,24.1651,25.1704,18.2858,32.055,25.1704,24.1651,25.1704,18.2858,32.055,All
25.8914,24.77,25.8914,18.8096,32.9733,25.8914,24.77,25.8914,18.8096,32.9733,All
26.1213,24.9629,26.1213,18.9766,33.2661,26.1213,24.9629,26.1213,18.9766,33.2661,All
27.1082,25.8279,27.1082,19.6936,34.5229,27.1082,25.8279,27.1082,19.6936,34.5229,All
27.3896,26.0901,27.3896,19.898,34.8813,27.3896,26.0901,27.3896,19.898,34.8813,All
28.1324,26.7824,28.1324,20.4377,35.8272,28.1324,26.7824,28.1324,20.4377,35.8272,All
28.8879,27.4864,28.8879,20.9865,36.7893,28.8879,27.4864,28.8879,20.9865,36.7893,All
29.1953,27.7729,29.1953,21.2098,37.1808,29.1953,27.7729,29.1953,21.2098,37.1808,All
30.2984,28.8009,30.2984,22.0112,38.5856,30.2984,28.8009,30.2984,22.0112,38.5856,All
30.3861,28.8827,30.3861,22.0749,38.6973,30.3861,28.8827,30.3861,22.0749,38.6973,All
31.4431,29.8678,31.4431,22.8428,40.0434,31.4431,29.8678,31.4431,22.8428,40.0434,All
31.8843,30.2789,31.8843,23.1633,40.6053,31.8843,30.2789,31.8843,23.1633,40.6053,All
32.6311,30.9755,32.6311,23.7058,41.5563,32.6311,30.9755,32.6311,23.7058,41.5563,All
33.3825,31.7213,33.3825,24.2517,42.5133,33.3825,31.7213,33.3825,24.2517,42.5133,All
33.8639,32.1991,33.8639,24.6015,43.1264,33.8639,32.1991,33.8639,24.6015,43.1264,All
34.8807,33.2084,34.8807,25.3401,44.4213,34.8807,33.2084,34.8807,25.3401,44.4213,All
35.1434,33.4691,35.1434,25.531,44.7558,35.1434,33.4691,35.1434,25.531,44.7558,All
36.3789,34.6954,36.3789,26.4286,46.3293,36.3789,34.6954,36.3789,26.4286,46.3293,All
36.4711,34.787,36.4711,26.4956,46.4467,36.4711,34.787,36.4711,26.4956,46.4467,All
37.8491,36.1547,37.8491,27.4966,48.2016,37.8491,36.1547,37.8491,27.4966,48.2016,All
37.8771,36.1825,37.8771,27.517,48.2373,37.8771,36.1825,37.8771,27.517,48.2373,All
39.2791,37.574,39.2791,28.5355,50.0227,39.2791,37.574,39.2791,28.5355,50.0227,All
39.3754,37.6696,39.3754,28.6054,50.1453,39.3754,37.6696,39.3754,28.6054,50.1453,All
40.7631,39.047,40.7631,29.6136,51.9126,40.7631,39.047,40.7631,29.6136,51.9126,All
40.8736,39.1566,40.8736,29.6938,52.0533,40.8736,39.1566,40.8736,29.6938,52.0533,All
42.3032,40.5757,42.3032,30.7324,53.874,42.3032,40.5757,42.3032,30.7324,53.874,All
42.3718,40.6437,42.3718,30.7822,53.9613,42.3718,40.6437,42.3718,30.7822,53.9613,All
43.87,42.1308,43.87,31.8707,55.8693,43.87,42.1308,43.87,31.8707,55.8693,All
43.9015,42.1621,43.9015,31.8936,55.9094,43.9015,42.1621,43.9015,31.8936,55.9094,All
45.3682,43.6179,45.3682,32.9591,57.7773,45.3682,43.6179,45.3682,32.9591,57.7773,All
45.5602,43.8084,45.5602,33.0985,58.0218,45.5602,43.8084,45.5602,33.0985,58.0218,All
46.8664,45.123,46.8664,34.0475,59.6853,46.8664,45.123,46.8664,34.0475,59.6853,All
47.2815,45.5475,47.2815,34.3491,60.2139,47.2815,45.5475,47.2815,34.3491,60.2139,All
48.3646,46.655,48.3646,35.1359,61.5933,48.3646,46.655,48.3646,35.1359,61.5933,All
49.0679,47.3741,49.0679,35.6468,62.4889,49.0679,47.3741,49.0679,35.6468,62.4889,All
49.8628,48.1887,49.8628,36.2244,63.5013,49.8628,48.1887,49.8628,36.2244,63.5013,All
50.9217,49.2756,50.9217,36.9936,64.8499,50.9217,49.2756,50.9217,36.9936,64.8499,All
51.3611,49.7266,51.3611,37.3128,65.4093,51.3611,49.7266,51.3611,37.3128,65.4093,All
52.8457,51.2503,52.8457,38.3913,67.3,52.8457,51.2503,52.8457,38.3913,67.3,All
52.8593,51.2643,52.8593,38.4012,67.3173,52.8593,51.2643,52.8593,38.4012,67.3173,All
54.3575,52.8017,54.3575,39.4896,69.2253,54.3575,52.8017,54.3575,39.4896,69.2253,All
54.8423,53.2992,54.8423,39.8418,69.8427,54.8423,53.2992,54.8423,39.8418,69.8427,All
55.8557,54.3391,55.8557,40.578,71.1334,55.8557,54.3391,55.8557,40.578,71.1334,All
56.9143,55.4254,56.9143,41.3471,72.4815,56.9143,55.4254,56.9143,41.3471,72.4815,All
57.3539,55.8766,57.3539,41.6665,73.0414,57.3539,55.8766,57.3539,41.6665,73.0414,All
58.8521,57.4077,58.8521,42.7549,74.9494,58.8521,57.4077,58.8521,42.7549,74.9494,All
59.0646,57.6243,59.0646,42.9092,75.2199,59.0646,57.6243,59.0646,42.9092,75.2199,All
60.3503,58.9355,60.3503,43.8433,76.8574,60.3503,58.9355,60.3503,43.8433,76.8574,All
61.2962,59.9,61.2962,44.5304,78.0619,61.2962,59.9,61.2962,44.5304,78.0619,All
61.8486,60.4583,61.8486,44.9317,78.7654,61.8486,60.4583,61.8486,44.9317,78.7654,All
63.3468,61.9728,63.3468,46.0202,80.6734,63.3468,61.9728,63.3468,46.0202,80.6734,All
63.612,62.2409,63.612,46.2129,81.0112,63.612,62.2409,63.612,46.2129,81.0112,All
64.845,63.4669,64.845,47.1086,82.5814,64.845,63.4669,64.845,47.1086,82.5814,All
66.0154,64.6113,66.0154,47.9589,84.0719,66.0154,64.6113,66.0154,47.9589,84.0719,All
66.3432,64.9318,66.3432,48.197,84.4894,66.3432,64.9318,66.3432,48.197,84.4894,All
67.8414,66.3967,67.8414,49.2854,86.3974,67.8414,66.3967,67.8414,49.2854,86.3974,All
68.5096,67.05,68.5096,49.7708,87.2483,68.5096,67.05,68.5096,49.7708,87.2483,All
69.3396,67.8616,69.3396,50.3738,88.3054,69.3396,67.8616,69.3396,50.3738,88.3054,All
70.8378,69.3265,70.8378,51.4623,90.2134,70.8378,69.3265,70.8378,51.4623,90.2134,All
71.098,69.5809,71.098,51.6512,90.5447,71.098,69.5809,71.098,51.6512,90.5447,All
72.336,70.7914,72.336,52.5507,92.1214,72.336,70.7914,72.336,52.5507,92.1214,All
73.7842,72.2074,73.7842,53.6027,93.9656,73.7842,72.2074,73.7842,53.6027,93.9656,All
73.8343,72.2563,73.8343,53.6391,94.0294,73.8343,72.2563,73.8343,53.6391,94.0294,All
75.3325,73.7084,75.3325,54.7275,95.9374,75.3325,73.7084,75.3325,54.7275,95.9374,All
76.5719,74.8642,76.5719,55.6279,97.5158,76.5719,74.8642,76.5719,55.6279,97.5158,All
76.8307,75.1056,76.8307,55.816,97.8454,76.8307,75.1056,76.8307,55.816,97.8454,All
78.3289,76.4778,78.3289,56.9044,99.7534,78.3289,76.4778,78.3289,56.9044,99.7534,All
79.4649,77.4907,79.4649,57.7296,101.2,79.4649,77.4907,79.4649,57.7296,101.2,All
79.8271,77.8137,79.8271,57.9928,101.661,79.8271,77.8137,79.8271,57.9928,101.661,All
81.3253,79.1496,81.3253,59.0812,103.569,81.3253,79.1496,81.3253,59.0812,103.569,All
82.4672,80.1678,82.4672,59.9108,105.024,82.4672,80.1678,82.4672,59.9108,105.024,All
82.8235,80.4855,82.8235,60.1696,105.477,82.8235,80.4855,82.8235,60.1696,105.477,All
84.3218,81.8096,84.3218,61.2581,107.385,84.3218,81.8096,84.3218,61.2581,107.385,All
85.5829,82.8599,85.5829,62.1743,108.992,85.5829,82.8599,85.5829,62.1743,108.992,All
85.82,83.0573,85.82,62.3465,109.293,85.82,83.0573,85.82,62.3465,109.293,All
87.3182,84.3051,87.3182,63.4349,111.201,87.3182,84.3051,87.3182,63.4349,111.201,All
88.8164,85.5528,88.8164,64.5233,113.109,88.8164,85.5528,88.8164,64.5233,113.109,All
