id,time,y1,GFR,MPGinitial,kt2d,popPred_medianCOV,popPred,indivPred_SAEM,indWRes_SAEM
1,24,17.74,6.696,5,0,26.709,26.709,26.709,-2.01942
2,24,40.01,6.696,5,0,46.263,46.263,46.263,-0.812813
3,24,58.02,6.696,5,0,52.4258,52.4258,52.4258,0.641702
4,24,62.01,6.696,5,0,57.8695,57.8695,57.8695,0.430271
5,24,58.31,6.696,5,0,61.2948,61.2948,61.2948,-0.292836
6,24,45.15,5.886,7.796,1,49.4221,49.4221,49.4221,-0.519828
7,24,75.29,5.886,7.796,1,77.7188,77.7188,77.7188,-0.187932
8,24,81.33,5.886,7.796,1,88.8164,88.8164,88.8164,-0.506895
9,24,37.852,5.886,7.796,1,32.6215,32.6215,32.6215,0.964228
10,24,68.374,5.886,7.796,1,64.2309,64.2309,64.2309,0.387904
11,24,76.681,5.886,7.796,1,75.0488,75.0488,75.0488,0.130785
12,24,84.46,5.886,7.796,1,84.1195,84.1195,84.1195,0.0243419
13,24,44.488,6.696,5,0,57.8695,57.8695,57.8695,-1.39057
14,24,19.201,6.696,5,0,13.9057,13.9057,13.9057,2.28999
15,24,22.887,6.696,5,0,26.709,26.709,26.709,-0.860549
