popPred_spline_abscissa,popPred_spline,popPred_ci_abscissa,popPred_piLower,popPred_piUpper,indivPred_spline_abscissa,indivPred_spline,indivPred_ci_abscissa,indivPred_piLower,indivPred_piUpper,split
13.8918,14.6952,13.8918,10.0827,17.701,13.8918,14.6952,13.8918,10.0827,17.701,All
14.4171,15.1353,14.4171,10.4639,18.3703,14.4171,15.1353,14.4171,10.4639,18.3703,All
14.9623,15.592,14.9623,10.8596,19.065,14.9623,15.592,14.9623,10.8596,19.065,All
15.3914,15.9515,15.3914,11.171,19.6117,15.3914,15.9515,15.3914,11.171,19.6117,All
15.5281,16.0661,15.5281,11.2703,19.7859,15.5281,16.0661,15.5281,11.2703,19.7859,All
16.1153,16.558,16.1153,11.6965,20.5341,16.1153,16.558,16.1153,11.6965,20.5341,All
16.7247,17.0685,16.7247,12.1388,21.3106,16.7247,17.0685,16.7247,12.1388,21.3106,All
16.8909,17.2078,16.8909,12.2594,21.5224,16.8909,17.2078,16.8909,12.2594,21.5224,All
17.3571,17.5984,17.3571,12.5978,22.1165,17.3571,17.5984,17.3571,12.5978,22.1165,All
18.0135,18.1483,18.0135,13.0742,22.9528,18.0135,18.1483,18.0135,13.0742,22.9528,All
18.3905,18.4641,18.3905,13.3478,23.4332,18.3905,18.4641,18.3905,13.3478,23.4332,All
18.6947,18.719,18.6947,13.5686,23.8208,18.6947,18.719,18.6947,13.5686,23.8208,All
19.4016,19.3112,19.4016,14.0817,24.7215,19.4016,19.3112,19.4016,14.0817,24.7215,All
19.89,19.7204,19.89,14.4362,25.3439,19.89,19.7204,19.89,14.4362,25.3439,All
20.1353,19.9259,20.1353,14.6142,25.6564,20.1353,19.9259,20.1353,14.6142,25.6564,All
20.8967,20.5638,20.8967,15.1668,26.6266,20.8967,20.5638,20.8967,15.1668,26.6266,All
21.3896,20.9767,21.3896,15.5246,27.2546,21.3896,20.9767,21.3896,15.5246,27.2546,All
21.6869,21.2258,21.6869,15.7403,27.6335,21.6869,21.2258,21.6869,15.7403,27.6335,All
22.507,21.9129,22.507,16.3356,28.6784,22.507,21.9129,22.507,16.3356,28.6784,All
22.8891,22.233,22.8891,16.6129,29.1654,22.8891,22.233,22.8891,16.6129,29.1654,All
23.3581,22.6259,23.3581,16.9533,29.7629,23.3581,22.6259,23.3581,16.9533,29.7629,All
24.2414,23.3659,24.2414,17.5944,30.8884,24.2414,23.3659,24.2414,17.5944,30.8884,All
24.3887,23.4894,24.3887,17.7013,31.0761,24.3887,23.4894,24.3887,17.7013,31.0761,All
25.1581,24.1339,25.1581,18.2597,32.0564,25.1581,24.1339,25.1581,18.2597,32.0564,All
25.8883,24.7457,25.8883,18.7897,32.9868,25.8883,24.7457,25.8883,18.7897,32.9868,All
26.1094,24.9309,26.1094,18.9502,33.2686,26.1094,24.9309,26.1094,18.9502,33.2686,All
27.0967,25.7912,27.0967,19.6668,34.5267,27.0967,25.7912,27.0967,19.6668,34.5267,All
27.3878,26.0623,27.3878,19.8781,34.8976,27.3878,26.0623,27.3878,19.8781,34.8976,All
28.1214,26.7453,28.1214,20.4105,35.8323,28.1214,26.7453,28.1214,20.4105,35.8323,All
28.8874,27.4585,28.8874,20.9664,36.8083,28.8874,27.4585,28.8874,20.9664,36.8083,All
29.1848,27.7355,29.1848,21.1823,37.1873,29.1848,27.7355,29.1848,21.1823,37.1873,All
30.2884,28.7631,30.2884,21.9833,38.5935,30.2884,28.7631,30.2884,21.9833,38.5935,All
30.3869,28.8548,30.3869,22.0548,38.719,30.3869,28.8548,30.3869,22.0548,38.719,All
31.4338,29.8295,31.4338,22.8146,40.0529,31.4338,29.8295,31.4338,22.8146,40.0529,All
31.8865,30.2511,31.8865,23.1432,40.6298,31.8865,30.2511,31.8865,23.1432,40.6298,All
32.6224,30.9363,32.6224,23.6773,41.5675,32.6224,30.9363,32.6224,23.6773,41.5675,All
33.386,31.6922,33.386,24.2316,42.5405,33.386,31.6922,33.386,24.2316,42.5405,All
33.856,32.1584,33.856,24.5727,43.1394,33.856,32.1584,33.856,24.5727,43.1394,All
34.8856,33.1795,34.8856,25.3199,44.4512,34.8856,33.1795,34.8856,25.3199,44.4512,All
35.1363,33.4282,35.1363,25.5019,44.7707,35.1363,33.4282,35.1363,25.5019,44.7707,All
36.3851,34.6668,36.3851,26.4083,46.362,36.3851,34.6668,36.3851,26.4083,46.362,All
36.465,34.746,36.465,26.4663,46.4637,36.465,34.746,36.465,26.4663,46.4637,All
37.8439,36.1136,37.8439,27.4671,48.2207,37.8439,36.1136,37.8439,27.4671,48.2207,All
37.8847,36.1541,37.8847,27.4967,48.2727,37.8847,36.1541,37.8847,27.4967,48.2727,All
39.275,37.533,39.275,28.5057,50.0442,39.275,37.533,39.275,28.5057,50.0442,All
39.3843,37.6414,39.3843,28.5851,50.1834,39.3843,37.6414,39.3843,28.5851,50.1834,All
40.7601,39.006,40.7601,29.5837,51.9366,40.7601,39.006,40.7601,29.5837,51.9366,All
40.8838,39.1287,40.8838,29.6734,52.0942,40.8838,39.1287,40.8838,29.6734,52.0942,All
42.3015,40.5347,42.3015,30.7024,53.9005,42.3015,40.5347,42.3015,30.7024,53.9005,All
42.3834,40.616,42.3834,30.7618,54.0049,42.3834,40.616,42.3834,30.7618,54.0049,All
43.8829,42.1033,43.8829,31.8502,55.9156,43.8829,42.1033,43.8829,31.8502,55.9156,All
43.9011,42.1213,43.9011,31.8634,55.9388,43.9011,42.1213,43.9011,31.8634,55.9388,All
45.3825,43.5906,45.3825,32.9386,57.8264,45.3825,43.5906,45.3825,32.9386,57.8264,All
45.5612,43.7678,45.5612,33.0683,58.0541,45.5612,43.7678,45.5612,33.0683,58.0541,All
46.882,45.0947,46.882,34.027,59.7371,46.882,45.0947,46.882,34.027,59.7371,All
47.2841,45.5056,47.2841,34.3188,60.2494,47.2841,45.5056,47.2841,34.3188,60.2494,All
48.3816,46.627,48.3816,35.1153,61.6478,48.3816,46.627,48.3816,35.1153,61.6478,All
49.0721,47.3327,49.0721,35.6165,62.5277,49.0721,47.3327,49.0721,35.6165,62.5277,All
49.8811,48.161,49.8811,36.2037,63.5586,49.8811,48.161,49.8811,36.2037,63.5586,All
50.9278,49.2346,50.9278,36.9634,64.8922,50.9278,49.2346,50.9278,36.9634,64.8922,All
51.3807,49.6992,51.3807,37.2921,65.4693,51.3807,49.6992,51.3807,37.2921,65.4693,All
52.8536,51.21,52.8536,38.3611,67.3461,52.8536,51.21,52.8536,38.3611,67.3461,All
52.8802,51.2374,52.8802,38.3805,67.38,52.8802,51.2374,52.8802,38.3805,67.38,All
54.3798,52.7752,54.3798,39.4688,69.2908,54.3798,52.7752,54.3798,39.4688,69.2908,All
54.8523,53.2597,54.8523,39.8118,69.8928,54.8523,53.2597,54.8523,39.8118,69.8928,All
55.8794,54.313,55.8794,40.5572,71.2015,55.8794,54.313,55.8794,40.5572,71.2015,All
56.9265,55.3868,56.9265,41.3172,72.5358,56.9265,55.3868,56.9265,41.3172,72.5358,All
57.3789,55.8508,57.3789,41.6456,73.1122,57.3789,55.8508,57.3789,41.6456,73.1122,All
58.8785,57.3825,58.8785,42.734,75.023,58.8785,57.3825,58.8785,42.734,75.023,All
59.0792,57.5871,59.0792,42.8796,75.2787,59.0792,57.5871,59.0792,42.8796,75.2787,All
60.378,58.9108,60.378,43.8223,76.9337,60.378,58.9108,60.378,43.8223,76.9337,All
61.3132,59.8639,61.3132,44.5011,78.1254,61.3132,59.8639,61.3132,44.5011,78.1254,All
61.8776,60.4343,61.8776,44.9107,78.8444,61.8776,60.4343,61.8776,44.9107,78.8444,All
63.3771,61.9491,63.3771,45.9991,80.7552,63.3771,61.9491,63.3771,45.9991,80.7552,All
63.6318,62.2064,63.6318,46.1839,81.0797,63.6318,62.2064,63.6318,46.1839,81.0797,All
64.8767,63.4444,64.8767,47.0875,82.6659,64.8767,63.4444,64.8767,47.0875,82.6659,All
66.038,64.5793,66.038,47.9304,84.1457,66.038,64.5793,66.038,47.9304,84.1457,All
66.3762,64.9099,66.3762,48.1758,84.5766,66.3762,64.9099,66.3762,48.1758,84.5766,All
67.8758,66.3753,67.8758,49.2642,86.4874,67.8758,66.3753,67.8758,49.2642,86.4874,All
68.5352,67.0197,68.5352,49.7428,87.3276,68.5352,67.0197,68.5352,49.7428,87.3276,All
69.3754,67.8407,69.3754,50.3526,88.3981,69.3754,67.8407,69.3754,50.3526,88.3981,All
70.8749,69.3061,70.8749,51.441,90.3088,70.8749,69.3061,70.8749,51.441,90.3088,All
71.1269,69.5523,71.1269,51.6239,90.6299,71.1269,69.5523,71.1269,51.6239,90.6299,All
72.3745,70.7715,72.3745,52.5294,92.2196,72.3745,70.7715,72.3745,52.5294,92.2196,All
73.8165,72.1808,73.8165,53.576,94.0571,73.8165,72.1808,73.8165,53.576,94.0571,All
73.874,72.2369,73.874,53.6177,94.1303,73.874,72.2369,73.874,53.6177,94.1303,All
75.3736,73.6902,75.3736,54.7061,96.041,75.3736,73.6902,75.3736,54.7061,96.041,All
76.6079,74.8407,76.6079,55.602,97.6138,76.6079,74.8407,76.6079,55.602,97.6138,All
76.8731,75.0879,76.8731,55.7945,97.9518,76.8731,75.0879,76.8731,55.7945,97.9518,All
78.3727,76.4612,78.3727,56.8829,99.8625,78.3727,76.4612,78.3727,56.8829,99.8625,All
79.5048,77.4703,79.5048,57.7046,101.305,79.5048,77.4703,79.5048,57.7046,101.305,All
79.8722,77.7977,79.8722,57.9712,101.773,79.8722,77.7977,79.8722,57.9712,101.773,All
81.3718,79.1343,81.3718,59.0596,103.684,81.3718,79.1343,81.3718,59.0596,103.684,All
82.5113,80.1499,82.5113,59.8867,105.136,82.5113,80.1499,82.5113,59.8867,105.136,All
82.8714,80.4708,82.8714,60.148,105.595,82.8714,80.4708,82.8714,60.148,105.595,All
84.3709,81.7958,84.3709,61.2364,107.505,84.3709,81.7958,84.3709,61.2364,107.505,All
85.6314,82.8453,85.6314,62.1513,109.112,85.6314,82.8453,85.6314,62.1513,109.112,All
85.8705,83.0443,85.8705,62.3247,109.416,85.8705,83.0443,85.8705,62.3247,109.416,All
87.37,84.2927,87.37,63.4131,111.327,87.37,84.2927,87.37,63.4131,111.327,All
88.8696,85.5411,88.8696,64.5015,113.238,88.8696,85.5411,88.8696,64.5015,113.238,All
